 COMMENT: header pen JCR 1659 10.21.68;
 COMMENT:BRASSY TONES ET OISEAUX POUR CONTRE APOTHEOSE;
 COMMENT:TAPE M2804;
 COMMENT:SAMPLING RATE 12.5 KC;
 
 COMMENT:FOR FREQUENCY MODULATION AT RANDOM;
 INS 0 1;
 RAN P5 P7 B2 P30 P29 P28;
 END;
 
 COMMENT:FOR INDEPENDENT HARMONIC CONTROL;
 INS 0 2;
 SET P8;
 OSC P5 P7 B3 F2 P30;
 AD2 P6 B2 B4;
 OSC B3 B4 B3 F1 P29;
 OUT B3 B1;
 END;
 INS 0 3;
 SET P8;
 OSC P5 P7 B3 F3 P30;
 AD2 P6 B2 B4;
 OSC B3 B4 B3 F1 P29;
 OUT B3 B1;
 END;
 INS 0 4;
 SET P8;
 OSC P5 P7 B3 F4 P30;
 AD2 P6 B2 B4;
 OSC B3 B4 B3 F1 P29;
 OUT B3 B1;
 END;
 INS 0 5;
 SET P8;
 OSC P5 P7 B3 F5 P30;
 AD2 P6 B2 B4;
 OSC B3 B4 B3 F1 P29;
 OUT B3 B1;
 END;
 INS 0 6;
 SET P8;
 OSC P5 P7 B3 F6 P30;
 AD2 P6 B2 B4;
 OSC B3 B4 B3 F1 P29;
 OUT B3 B1;
 END;
 
 COMMENT: FOR ATTACK AND DECAY TIMES;
 COMMENT: l.a. RVN it was written COMMENTHFOR RVN corrected;
 INS 0 7;
 ENV P5 F7 B3 P8 P9 P10 P30;
 AD2 P6 B2 B4;
 OSC B3 B4 B3 F1 P29;
 OUT B3 B1;
 END;
 
 SIA 0 4 12500;
 GEN 0 2 1 1 1;
 COMMENT: GEN 0 1 2 .001 10 .282 26 .112 40 .178 429 .159 473 .008 500 .001 512;
 COMMENT: GEN 0 1 3 .001 19 500 434 .355 454 .016 490 .001 512;
 COMMENT: GEN 0 1 4 .001 23 .560 435 .001 512;
 COMMENT: GEN 0 1 5 .001 10 .005 19 .224 418 .224 431 .178 458 .001 512;
 COMMENT: GEN 0 1 6 .001 10 .009 21 .089 33 .022 45 .022 73 .112 226 .178 264
 .071 345 .065 468 .001 512;
 COMMENT: GEN 0 1 7 0 1 .999 128 .999 256 0 384 0 512;
 
 GEN 0 1 2 .001 10 .282 26 .112 40 .178 429 .159 473 .008 500 .001 511;
 GEN 0 1 3 .001 19 500 434 .355 454 .016 490 .001 511;
 GEN 0 1 4 .001 23 .560 435 .001 511;
 GEN 0 1 5 .001 10 .005 19 .224 418 .224 431 .178 458 .001 511;
 GEN 0 1 6 .001 10 .009 21 .089 33 .022 45 .022 73 .112 226 .178 264
 .071 345 .065 468 .001 511;
 GEN 0 1 7 0 1 .999 128 .999 256 0 384 0 511;
 
 NOT 1 1 .17 .6 554 10;
 NOT 1 7 .17 200 554 0 7.5 0 140;
 NOT 1 7 .17 160 1108 0 7.5 0 110;
 NOT 1 7 .17 350 1662 0 12 0 85;
 NOT 1.00 7 .15 310 2216 0 14 0 80;
 NOT 1.00 7 .14 160 2770 0 24 0 65;
 NOT 1.00 7 .14 200 3324 0 27 0 60;
 NOT 1.00 7 .14 99 3878 0 32 0 60;
 NOT 1.00 7 .14 200 4432 0 30 0 60;
 NOT 1.00 7 .14 40 4986 0 35 0 60;
 NOT 3 1 .15 .6 293 10;
 NOT 3 7 .15 50 293 0 10 0 140;
 NOT 3 7 .15 80 586 0 10 0 110;
 NOT 3 7 .15 100 879 0 12 0 85;
 NOT 3 7 .15 175 1172 0 17 0 80;
 NOT 3 7 .15 180 1465 0 25 0 65;
 NOT 3.01 7 .15 150 1758 0 30 0 60;
 NOT 3.01 7 .15 100 2051 0 35 0 60;
 NOT 3.01 7 .13 80 2344 0 35 0 60;
 NOT 3.01 7 .14 50 2637 0 40 0 100;
 NOT 3.01 7 .14 80 2930 0 40 0 100;
 NOT 3.01 7 .14 140 3223 0 45 0 100;
 NOT 3.01 7 .13 90 3516 0 45 0 100;
 NOT 3.01 7 .13 45 3809 0 40 0 100;
 NOT 3.01 7 .13 25 4102 0 45 0 90;
 NOT 5 1 .6 .4 784 20;
 NOT 5 2 .6 800 784 0;
 NOT 5 3 .6 800 1568 0;
 NOT 5 4 .6 800 2352 0;
 NOT 5 5 .6 800 3136 0;
 NOT 5 6 .6 800 3920 0;
 NOT 6.0 1 .5 .4 830 20;
 NOT 6.0 2 .5 1000 830 0;
 NOT 6.0 3 .5 1000 1660 0;
 NOT 6.0 4 .5 1000 2490 0;
 NOT 6.0 5 .5 1000 3320 0;
 NOT 6.0 6 .5 1000 4150 0;
 NOT 6.5 1 .1 0 50 0;
 SEC 8;

 COMMENT:OISEAUX;
 INS 0 8;
 INS 0 8;
 SET P8;
 OSC P5 P7 B3 F2 P30;
 SET P9;
 OSC P6 P7 B4 F3 P29;
 OSC B3 B4 B3 F1 P28;
 OUT B3 B1;
 END;

 COMMENT: GEN 0 1 2 0 1 .66 30 .5 150 .2 180 0 220 0 300 .2 315 .99 420 .6 560 .2
 490 0 512;
 COMMENT: GEN 0 1 3 .446 1 .470 60 .432 120 .460 150 .430 190 .446 220 .332 300 
 .340 325 .445 340 .455 385 .63 400 .60 420 .67 460 .63 512;
 COMMENT: GEN 0 1 5 .42 1 .43 100 .795 150 .77 210 .80 310 .63 340 .74 341 
 .80 346 .60 370 .75 371 .79 375 .60 405 .62 410 .99 415 .97 430
 .98 470 .99 512;
 COMMENT: GEN 0 1 4 0 1 .70 16 .05 33 .50 49 .07 66 .60 82 0 100 0 150 .99 160
 .1 200 0 210 0 310 .60 315 .2 350 .6 400 .99 415 .50 450 .20 480 0 512;

 GEN 0 1 2 0 0 .66 30 .5 150 .2 180 0 220 0 300 .2 315 .99 420 .6 560 .2
 490 0 511;
 GEN 0 1 3 .446 0 .470 60 .432 120 .460 150 .430 190 .446 220 .332 300 
 .340 325 .445 340 .455 385 .63 400 .60 420 .67 460 .63 511;
 GEN 0 1 5 .42 0 .43 100 .795 150 .77 210 .80 310 .63 340 .74 341 
 .80 346 .60 370 .75 371 .79 375 .60 405 .62 410 .99 415 .97 430
 .98 470 .99 511;
 GEN 0 1 4 0 0 .70 16 .05 33 .50 49 .07 66 .60 82 0 100 0 150 .99 160
 .1 200 0 210 0 310 .60 315 .2 350 .6 400 .99 415 .50 450 .20 480 0 511;

 NOT 1 1 2.56 1500 4440 0 2 3;
 NOT 3 1 5 1500 4440 0 4 5;
 TER 10;

 COMMENT: CONVT 14; 
     SUBROUTINE CONVT
     COMMON IP(10),P(100),G(1000)
     IF(P(1).NE.1.)GOTO100
     F=511./G(4)
     P(6)=F*P(6)
     IF(P(3).EQ.1.)GOTO10
     IF(P(3).EQ.7.)GOTO70
     P(7)=F/P(4)
     GOTO100
 10 P(5)=.01*P(5)*P(6)
    P(7)=F*P(7)
    GOTO100
 70  FENV=F*.25
     P(9)=P(4)-P(8)-P(10)
     IF(P(9))2,3,4
 2   P(8)=(P(8)*P(4))/(P(8)+P(10))
     P(10)=(P(10)*P(4))/(P(8)+P(10))
 3   P(9)=128.
     GOTO5
 4   P(9)=FENV/P(9)
 5   P(8)=FENV/P(8)
     P(10)=FENV/P(10)
 100 RETURN
     END
 